0.0 0.04225352112676056
0.0 0.056338028169014086
0.0 0.07042253521126761
0.0 0.08450704225352113
0.0 0.11267605633802817
0.0 0.1267605633802817
0.0 0.14084507042253522
0.0 0.15492957746478872
0.0 0.16901408450704225
0.0 0.2112676056338028
0.0 0.22535211267605634
0.0 0.23943661971830985
0.0 0.2535211267605634
0.0 0.2676056338028169
0.0 0.29577464788732394
0.0 0.30985915492957744
0.0 0.36619718309859156
0.0 0.39436619718309857
0.0 0.4084507042253521
0.0 0.4507042253521127
0.0 0.4788732394366197
0.014084507042253521 0.028169014084507043
0.014084507042253521 0.056338028169014086
0.014084507042253521 0.08450704225352113
0.014084507042253521 0.11267605633802817
0.014084507042253521 0.14084507042253522
0.014084507042253521 0.15492957746478872
0.014084507042253521 0.16901408450704225
0.014084507042253521 0.18309859154929578
0.014084507042253521 0.19718309859154928
0.014084507042253521 0.2112676056338028
0.014084507042253521 0.22535211267605634
0.014084507042253521 0.23943661971830985
0.014084507042253521 0.2535211267605634
0.014084507042253521 0.30985915492957744
0.014084507042253521 0.323943661971831
0.014084507042253521 0.3380281690140845
0.014084507042253521 0.38028169014084506
0.014084507042253521 0.4084507042253521
0.014084507042253521 0.43661971830985913
0.014084507042253521 0.4507042253521127
0.028169014084507043 0.028169014084507043
0.028169014084507043 0.04225352112676056
0.028169014084507043 0.09859154929577464
0.028169014084507043 0.1267605633802817
0.028169014084507043 0.15492957746478872
0.028169014084507043 0.23943661971830985
0.028169014084507043 0.2535211267605634
0.028169014084507043 0.2676056338028169
0.028169014084507043 0.28169014084507044
0.028169014084507043 0.29577464788732394
0.028169014084507043 0.30985915492957744
0.028169014084507043 0.323943661971831
0.028169014084507043 0.352112676056338
0.028169014084507043 0.36619718309859156
0.028169014084507043 0.38028169014084506
0.028169014084507043 0.4084507042253521
0.028169014084507043 0.4225352112676056
0.028169014084507043 0.43661971830985913
0.028169014084507043 0.4647887323943662
0.028169014084507043 0.4788732394366197
0.04225352112676056 0.028169014084507043
0.04225352112676056 0.04225352112676056
0.04225352112676056 0.056338028169014086
0.04225352112676056 0.08450704225352113
0.04225352112676056 0.09859154929577464
0.04225352112676056 0.11267605633802817
0.04225352112676056 0.14084507042253522
0.04225352112676056 0.15492957746478872
0.04225352112676056 0.2112676056338028
0.04225352112676056 0.22535211267605634
0.04225352112676056 0.23943661971830985
0.04225352112676056 0.28169014084507044
0.04225352112676056 0.323943661971831
0.04225352112676056 0.352112676056338
0.04225352112676056 0.36619718309859156
0.04225352112676056 0.38028169014084506
0.04225352112676056 0.4084507042253521
0.04225352112676056 0.4225352112676056
0.04225352112676056 0.43661971830985913
0.04225352112676056 0.4507042253521127
0.04225352112676056 0.4647887323943662
0.04225352112676056 0.4788732394366197
0.056338028169014086 0.028169014084507043
0.056338028169014086 0.07042253521126761
0.056338028169014086 0.1267605633802817
0.056338028169014086 0.14084507042253522
0.056338028169014086 0.16901408450704225
0.056338028169014086 0.19718309859154928
0.056338028169014086 0.2112676056338028
0.056338028169014086 0.22535211267605634
0.056338028169014086 0.23943661971830985
0.056338028169014086 0.2535211267605634
0.056338028169014086 0.28169014084507044
0.056338028169014086 0.29577464788732394
0.056338028169014086 0.323943661971831
0.056338028169014086 0.3380281690140845
0.056338028169014086 0.36619718309859156
0.056338028169014086 0.38028169014084506
0.056338028169014086 0.39436619718309857
0.056338028169014086 0.4225352112676056
0.056338028169014086 0.4507042253521127
0.056338028169014086 0.4647887323943662
0.056338028169014086 0.4788732394366197
0.07042253521126761 0.028169014084507043
0.07042253521126761 0.04225352112676056
0.07042253521126761 0.056338028169014086
0.07042253521126761 0.08450704225352113
0.07042253521126761 0.09859154929577464
0.07042253521126761 0.11267605633802817
0.07042253521126761 0.1267605633802817
0.07042253521126761 0.14084507042253522
0.07042253521126761 0.16901408450704225
0.07042253521126761 0.18309859154929578
0.07042253521126761 0.19718309859154928
0.07042253521126761 0.23943661971830985
0.07042253521126761 0.2535211267605634
0.07042253521126761 0.2676056338028169
0.07042253521126761 0.28169014084507044
0.07042253521126761 0.29577464788732394
0.07042253521126761 0.323943661971831
0.07042253521126761 0.3380281690140845
0.07042253521126761 0.352112676056338
0.07042253521126761 0.38028169014084506
0.07042253521126761 0.4084507042253521
0.07042253521126761 0.4225352112676056
0.07042253521126761 0.43661971830985913
0.07042253521126761 0.4788732394366197
0.08450704225352113 0.04225352112676056
0.08450704225352113 0.056338028169014086
0.08450704225352113 0.07042253521126761
0.08450704225352113 0.11267605633802817
0.08450704225352113 0.1267605633802817
0.08450704225352113 0.14084507042253522
0.08450704225352113 0.15492957746478872
0.08450704225352113 0.16901408450704225
0.08450704225352113 0.18309859154929578
0.08450704225352113 0.19718309859154928
0.08450704225352113 0.2112676056338028
0.08450704225352113 0.22535211267605634
0.08450704225352113 0.23943661971830985
0.08450704225352113 0.28169014084507044
0.08450704225352113 0.29577464788732394
0.08450704225352113 0.30985915492957744
0.08450704225352113 0.323943661971831
0.08450704225352113 0.3380281690140845
0.08450704225352113 0.352112676056338
0.08450704225352113 0.4507042253521127
0.08450704225352113 0.4647887323943662
0.09859154929577464 0.028169014084507043
0.09859154929577464 0.056338028169014086
0.09859154929577464 0.07042253521126761
0.09859154929577464 0.11267605633802817
0.09859154929577464 0.1267605633802817
0.09859154929577464 0.14084507042253522
0.09859154929577464 0.15492957746478872
0.09859154929577464 0.16901408450704225
0.09859154929577464 0.18309859154929578
0.09859154929577464 0.19718309859154928
0.09859154929577464 0.22535211267605634
0.09859154929577464 0.2535211267605634
0.09859154929577464 0.28169014084507044
0.09859154929577464 0.323943661971831
0.09859154929577464 0.3380281690140845
0.09859154929577464 0.36619718309859156
0.09859154929577464 0.4084507042253521
0.09859154929577464 0.4225352112676056
0.09859154929577464 0.43661971830985913
0.09859154929577464 0.4507042253521127
0.09859154929577464 0.4788732394366197
0.11267605633802817 0.028169014084507043
0.11267605633802817 0.07042253521126761
0.11267605633802817 0.09859154929577464
0.11267605633802817 0.15492957746478872
0.11267605633802817 0.16901408450704225
0.11267605633802817 0.2112676056338028
0.11267605633802817 0.22535211267605634
0.11267605633802817 0.2676056338028169
0.11267605633802817 0.28169014084507044
0.11267605633802817 0.29577464788732394
0.11267605633802817 0.30985915492957744
0.11267605633802817 0.323943661971831
0.11267605633802817 0.3380281690140845
0.11267605633802817 0.352112676056338
0.11267605633802817 0.36619718309859156
0.11267605633802817 0.38028169014084506
0.11267605633802817 0.39436619718309857
0.11267605633802817 0.43661971830985913
0.11267605633802817 0.4507042253521127
0.11267605633802817 0.4647887323943662
0.11267605633802817 0.4788732394366197
0.1267605633802817 0.056338028169014086
0.1267605633802817 0.08450704225352113
0.1267605633802817 0.11267605633802817
0.1267605633802817 0.14084507042253522
0.1267605633802817 0.23943661971830985
0.1267605633802817 0.2535211267605634
0.1267605633802817 0.28169014084507044
0.1267605633802817 0.3380281690140845
0.1267605633802817 0.39436619718309857
0.1267605633802817 0.4084507042253521
0.1267605633802817 0.4225352112676056
0.1267605633802817 0.4647887323943662
0.14084507042253522 0.028169014084507043
0.14084507042253522 0.056338028169014086
0.14084507042253522 0.07042253521126761
0.14084507042253522 0.09859154929577464
0.14084507042253522 0.1267605633802817
0.14084507042253522 0.14084507042253522
0.14084507042253522 0.16901408450704225
0.14084507042253522 0.2676056338028169
0.14084507042253522 0.28169014084507044
0.14084507042253522 0.3380281690140845
0.14084507042253522 0.352112676056338
0.14084507042253522 0.38028169014084506
0.14084507042253522 0.39436619718309857
0.14084507042253522 0.4084507042253521
0.14084507042253522 0.4225352112676056
0.14084507042253522 0.43661971830985913
0.14084507042253522 0.4507042253521127
0.14084507042253522 0.4647887323943662
0.14084507042253522 0.4788732394366197
0.15492957746478872 0.04225352112676056
0.15492957746478872 0.07042253521126761
0.15492957746478872 0.08450704225352113
0.15492957746478872 0.11267605633802817
0.15492957746478872 0.1267605633802817
0.15492957746478872 0.2112676056338028
0.15492957746478872 0.23943661971830985
0.15492957746478872 0.28169014084507044
0.15492957746478872 0.29577464788732394
0.15492957746478872 0.30985915492957744
0.15492957746478872 0.323943661971831
0.15492957746478872 0.3380281690140845
0.15492957746478872 0.39436619718309857
0.15492957746478872 0.43661971830985913
0.15492957746478872 0.4507042253521127
0.15492957746478872 0.4647887323943662
0.16901408450704225 0.028169014084507043
0.16901408450704225 0.04225352112676056
0.16901408450704225 0.056338028169014086
0.16901408450704225 0.07042253521126761
0.16901408450704225 0.09859154929577464
0.16901408450704225 0.1267605633802817
0.16901408450704225 0.14084507042253522
0.16901408450704225 0.15492957746478872
0.16901408450704225 0.16901408450704225
0.16901408450704225 0.19718309859154928
0.16901408450704225 0.2112676056338028
0.16901408450704225 0.23943661971830985
0.16901408450704225 0.2676056338028169
0.16901408450704225 0.28169014084507044
0.16901408450704225 0.29577464788732394
0.16901408450704225 0.323943661971831
0.16901408450704225 0.38028169014084506
0.16901408450704225 0.39436619718309857
0.16901408450704225 0.4225352112676056
0.16901408450704225 0.4507042253521127
0.18309859154929578 0.028169014084507043
0.18309859154929578 0.04225352112676056
0.18309859154929578 0.09859154929577464
0.18309859154929578 0.11267605633802817
0.18309859154929578 0.1267605633802817
0.18309859154929578 0.15492957746478872
0.18309859154929578 0.16901408450704225
0.18309859154929578 0.19718309859154928
0.18309859154929578 0.22535211267605634
0.18309859154929578 0.2535211267605634
0.18309859154929578 0.28169014084507044
0.18309859154929578 0.29577464788732394
0.18309859154929578 0.36619718309859156
0.18309859154929578 0.38028169014084506
0.18309859154929578 0.39436619718309857
0.18309859154929578 0.4084507042253521
0.18309859154929578 0.4225352112676056
0.18309859154929578 0.43661971830985913
0.18309859154929578 0.4507042253521127
0.18309859154929578 0.4788732394366197
0.19718309859154928 0.028169014084507043
0.19718309859154928 0.04225352112676056
0.19718309859154928 0.056338028169014086
0.19718309859154928 0.07042253521126761
0.19718309859154928 0.08450704225352113
0.19718309859154928 0.09859154929577464
0.19718309859154928 0.1267605633802817
0.19718309859154928 0.16901408450704225
0.19718309859154928 0.18309859154929578
0.19718309859154928 0.19718309859154928
0.19718309859154928 0.23943661971830985
0.19718309859154928 0.2535211267605634
0.19718309859154928 0.29577464788732394
0.19718309859154928 0.30985915492957744
0.19718309859154928 0.323943661971831
0.19718309859154928 0.352112676056338
0.19718309859154928 0.38028169014084506
0.19718309859154928 0.39436619718309857
0.19718309859154928 0.4084507042253521
0.19718309859154928 0.4225352112676056
0.19718309859154928 0.43661971830985913
0.19718309859154928 0.4647887323943662
0.19718309859154928 0.4788732394366197
0.2112676056338028 0.04225352112676056
0.2112676056338028 0.056338028169014086
0.2112676056338028 0.07042253521126761
0.2112676056338028 0.08450704225352113
0.2112676056338028 0.09859154929577464
0.2112676056338028 0.11267605633802817
0.2112676056338028 0.1267605633802817
0.2112676056338028 0.14084507042253522
0.2112676056338028 0.18309859154929578
0.2112676056338028 0.19718309859154928
0.2112676056338028 0.2112676056338028
0.2112676056338028 0.22535211267605634
0.2112676056338028 0.23943661971830985
0.2112676056338028 0.2535211267605634
0.2112676056338028 0.2676056338028169
0.2112676056338028 0.28169014084507044
0.2112676056338028 0.30985915492957744
0.2112676056338028 0.323943661971831
0.2112676056338028 0.3380281690140845
0.2112676056338028 0.352112676056338
0.2112676056338028 0.36619718309859156
0.2112676056338028 0.38028169014084506
0.2112676056338028 0.39436619718309857
0.2112676056338028 0.4225352112676056
0.2112676056338028 0.43661971830985913
0.2112676056338028 0.4507042253521127
0.2112676056338028 0.4788732394366197
0.22535211267605634 0.04225352112676056
0.22535211267605634 0.056338028169014086
0.22535211267605634 0.09859154929577464
0.22535211267605634 0.1267605633802817
0.22535211267605634 0.14084507042253522
0.22535211267605634 0.19718309859154928
0.22535211267605634 0.22535211267605634
0.22535211267605634 0.2535211267605634
0.22535211267605634 0.2676056338028169
0.22535211267605634 0.30985915492957744
0.22535211267605634 0.323943661971831
0.22535211267605634 0.352112676056338
0.22535211267605634 0.36619718309859156
0.22535211267605634 0.43661971830985913
0.22535211267605634 0.4507042253521127
0.23943661971830985 0.08450704225352113
0.23943661971830985 0.09859154929577464
0.23943661971830985 0.11267605633802817
0.23943661971830985 0.1267605633802817
0.23943661971830985 0.14084507042253522
0.23943661971830985 0.15492957746478872
0.23943661971830985 0.18309859154929578
0.23943661971830985 0.2112676056338028
0.23943661971830985 0.23943661971830985
0.23943661971830985 0.2535211267605634
0.23943661971830985 0.2676056338028169
0.23943661971830985 0.28169014084507044
0.23943661971830985 0.29577464788732394
0.23943661971830985 0.30985915492957744
0.23943661971830985 0.352112676056338
0.23943661971830985 0.36619718309859156
0.23943661971830985 0.38028169014084506
0.23943661971830985 0.39436619718309857
0.23943661971830985 0.4084507042253521
0.23943661971830985 0.4225352112676056
0.23943661971830985 0.4507042253521127
0.23943661971830985 0.4647887323943662
0.23943661971830985 0.4788732394366197
0.2535211267605634 0.04225352112676056
0.2535211267605634 0.056338028169014086
0.2535211267605634 0.08450704225352113
0.2535211267605634 0.09859154929577464
0.2535211267605634 0.11267605633802817
0.2535211267605634 0.1267605633802817
0.2535211267605634 0.14084507042253522
0.2535211267605634 0.15492957746478872
0.2535211267605634 0.16901408450704225
0.2535211267605634 0.19718309859154928
0.2535211267605634 0.2112676056338028
0.2535211267605634 0.23943661971830985
0.2535211267605634 0.2535211267605634
0.2535211267605634 0.28169014084507044
0.2535211267605634 0.30985915492957744
0.2535211267605634 0.323943661971831
0.2535211267605634 0.3380281690140845
0.2535211267605634 0.352112676056338
0.2535211267605634 0.39436619718309857
0.2535211267605634 0.43661971830985913
0.2535211267605634 0.4507042253521127
0.2535211267605634 0.4788732394366197
0.2676056338028169 0.11267605633802817
0.2676056338028169 0.1267605633802817
0.2676056338028169 0.15492957746478872
0.2676056338028169 0.16901408450704225
0.2676056338028169 0.18309859154929578
0.2676056338028169 0.19718309859154928
0.2676056338028169 0.2112676056338028
0.2676056338028169 0.23943661971830985
0.2676056338028169 0.2676056338028169
0.2676056338028169 0.28169014084507044
0.2676056338028169 0.29577464788732394
0.2676056338028169 0.30985915492957744
0.2676056338028169 0.323943661971831
0.2676056338028169 0.3380281690140845
0.2676056338028169 0.352112676056338
0.2676056338028169 0.36619718309859156
0.2676056338028169 0.38028169014084506
0.2676056338028169 0.4225352112676056
0.2676056338028169 0.4788732394366197
0.28169014084507044 0.028169014084507043
0.28169014084507044 0.056338028169014086
0.28169014084507044 0.07042253521126761
0.28169014084507044 0.09859154929577464
0.28169014084507044 0.14084507042253522
0.28169014084507044 0.15492957746478872
0.28169014084507044 0.18309859154929578
0.28169014084507044 0.2112676056338028
0.28169014084507044 0.23943661971830985
0.28169014084507044 0.2535211267605634
0.28169014084507044 0.2676056338028169
0.28169014084507044 0.323943661971831
0.28169014084507044 0.3380281690140845
0.28169014084507044 0.39436619718309857
0.28169014084507044 0.4084507042253521
0.28169014084507044 0.4507042253521127
0.29577464788732394 0.028169014084507043
0.29577464788732394 0.056338028169014086
0.29577464788732394 0.07042253521126761
0.29577464788732394 0.1267605633802817
0.29577464788732394 0.16901408450704225
0.29577464788732394 0.19718309859154928
0.29577464788732394 0.2112676056338028
0.29577464788732394 0.23943661971830985
0.29577464788732394 0.2676056338028169
0.29577464788732394 0.29577464788732394
0.29577464788732394 0.352112676056338
0.29577464788732394 0.36619718309859156
0.29577464788732394 0.38028169014084506
0.29577464788732394 0.4084507042253521
0.29577464788732394 0.4225352112676056
0.29577464788732394 0.43661971830985913
0.29577464788732394 0.4507042253521127
0.29577464788732394 0.4647887323943662
0.29577464788732394 0.4788732394366197
0.30985915492957744 0.028169014084507043
0.30985915492957744 0.04225352112676056
0.30985915492957744 0.056338028169014086
0.30985915492957744 0.08450704225352113
0.30985915492957744 0.11267605633802817
0.30985915492957744 0.1267605633802817
0.30985915492957744 0.14084507042253522
0.30985915492957744 0.15492957746478872
0.30985915492957744 0.16901408450704225
0.30985915492957744 0.2112676056338028
0.30985915492957744 0.22535211267605634
0.30985915492957744 0.23943661971830985
0.30985915492957744 0.2676056338028169
0.30985915492957744 0.28169014084507044
0.30985915492957744 0.323943661971831
0.30985915492957744 0.38028169014084506
0.30985915492957744 0.4084507042253521
0.30985915492957744 0.4507042253521127
0.30985915492957744 0.4647887323943662
0.30985915492957744 0.4788732394366197
0.323943661971831 0.056338028169014086
0.323943661971831 0.07042253521126761
0.323943661971831 0.09859154929577464
0.323943661971831 0.11267605633802817
0.323943661971831 0.1267605633802817
0.323943661971831 0.14084507042253522
0.323943661971831 0.15492957746478872
0.323943661971831 0.18309859154929578
0.323943661971831 0.19718309859154928
0.323943661971831 0.2112676056338028
0.323943661971831 0.22535211267605634
0.323943661971831 0.2535211267605634
0.323943661971831 0.30985915492957744
0.323943661971831 0.323943661971831
0.323943661971831 0.3380281690140845
0.323943661971831 0.352112676056338
0.323943661971831 0.36619718309859156
0.323943661971831 0.38028169014084506
0.323943661971831 0.39436619718309857
0.323943661971831 0.43661971830985913
0.323943661971831 0.4507042253521127
0.323943661971831 0.4647887323943662
0.3380281690140845 0.028169014084507043
0.3380281690140845 0.04225352112676056
0.3380281690140845 0.07042253521126761
0.3380281690140845 0.09859154929577464
0.3380281690140845 0.11267605633802817
0.3380281690140845 0.1267605633802817
0.3380281690140845 0.15492957746478872
0.3380281690140845 0.16901408450704225
0.3380281690140845 0.18309859154929578
0.3380281690140845 0.19718309859154928
0.3380281690140845 0.22535211267605634
0.3380281690140845 0.2676056338028169
0.3380281690140845 0.28169014084507044
0.3380281690140845 0.29577464788732394
0.3380281690140845 0.30985915492957744
0.3380281690140845 0.3380281690140845
0.3380281690140845 0.36619718309859156
0.3380281690140845 0.39436619718309857
0.3380281690140845 0.4084507042253521
0.3380281690140845 0.4225352112676056
0.3380281690140845 0.4507042253521127
0.352112676056338 0.056338028169014086
0.352112676056338 0.07042253521126761
0.352112676056338 0.09859154929577464
0.352112676056338 0.15492957746478872
0.352112676056338 0.18309859154929578
0.352112676056338 0.22535211267605634
0.352112676056338 0.323943661971831
0.352112676056338 0.3380281690140845
0.352112676056338 0.352112676056338
0.352112676056338 0.36619718309859156
0.352112676056338 0.4084507042253521
0.352112676056338 0.4507042253521127
0.352112676056338 0.4647887323943662
0.36619718309859156 0.028169014084507043
0.36619718309859156 0.04225352112676056
0.36619718309859156 0.056338028169014086
0.36619718309859156 0.08450704225352113
0.36619718309859156 0.1267605633802817
0.36619718309859156 0.14084507042253522
0.36619718309859156 0.18309859154929578
0.36619718309859156 0.22535211267605634
0.36619718309859156 0.2535211267605634
0.36619718309859156 0.28169014084507044
0.36619718309859156 0.29577464788732394
0.36619718309859156 0.39436619718309857
0.36619718309859156 0.4084507042253521
0.36619718309859156 0.4225352112676056
0.36619718309859156 0.43661971830985913
0.36619718309859156 0.4507042253521127
0.36619718309859156 0.4788732394366197
0.38028169014084506 0.028169014084507043
0.38028169014084506 0.04225352112676056
0.38028169014084506 0.056338028169014086
0.38028169014084506 0.07042253521126761
0.38028169014084506 0.1267605633802817
0.38028169014084506 0.14084507042253522
0.38028169014084506 0.15492957746478872
0.38028169014084506 0.16901408450704225
0.38028169014084506 0.18309859154929578
0.38028169014084506 0.19718309859154928
0.38028169014084506 0.2112676056338028
0.38028169014084506 0.23943661971830985
0.38028169014084506 0.28169014084507044
0.38028169014084506 0.30985915492957744
0.38028169014084506 0.323943661971831
0.38028169014084506 0.3380281690140845
0.38028169014084506 0.352112676056338
0.38028169014084506 0.38028169014084506
0.39436619718309857 0.04225352112676056
0.39436619718309857 0.07042253521126761
0.39436619718309857 0.09859154929577464
0.39436619718309857 0.15492957746478872
0.39436619718309857 0.18309859154929578
0.39436619718309857 0.19718309859154928
0.39436619718309857 0.2112676056338028
0.39436619718309857 0.22535211267605634
0.39436619718309857 0.23943661971830985
0.39436619718309857 0.29577464788732394
0.39436619718309857 0.30985915492957744
0.39436619718309857 0.352112676056338
0.39436619718309857 0.38028169014084506
0.39436619718309857 0.43661971830985913
0.39436619718309857 0.4507042253521127
0.39436619718309857 0.4788732394366197
0.4084507042253521 0.028169014084507043
0.4084507042253521 0.056338028169014086
0.4084507042253521 0.11267605633802817
0.4084507042253521 0.14084507042253522
0.4084507042253521 0.15492957746478872
0.4084507042253521 0.16901408450704225
0.4084507042253521 0.18309859154929578
0.4084507042253521 0.22535211267605634
0.4084507042253521 0.2676056338028169
0.4084507042253521 0.36619718309859156
0.4084507042253521 0.4084507042253521
0.4084507042253521 0.4225352112676056
0.4084507042253521 0.43661971830985913
0.4084507042253521 0.4507042253521127
0.4084507042253521 0.4647887323943662
0.4084507042253521 0.4788732394366197
0.4225352112676056 0.04225352112676056
0.4225352112676056 0.056338028169014086
0.4225352112676056 0.07042253521126761
0.4225352112676056 0.08450704225352113
0.4225352112676056 0.09859154929577464
0.4225352112676056 0.1267605633802817
0.4225352112676056 0.14084507042253522
0.4225352112676056 0.15492957746478872
0.4225352112676056 0.16901408450704225
0.4225352112676056 0.18309859154929578
0.4225352112676056 0.22535211267605634
0.4225352112676056 0.23943661971830985
0.4225352112676056 0.2535211267605634
0.4225352112676056 0.28169014084507044
0.4225352112676056 0.30985915492957744
0.4225352112676056 0.3380281690140845
0.4225352112676056 0.36619718309859156
0.4225352112676056 0.38028169014084506
0.4225352112676056 0.39436619718309857
0.4225352112676056 0.4084507042253521
0.4225352112676056 0.43661971830985913
0.43661971830985913 0.04225352112676056
0.43661971830985913 0.07042253521126761
0.43661971830985913 0.09859154929577464
0.43661971830985913 0.14084507042253522
0.43661971830985913 0.15492957746478872
0.43661971830985913 0.18309859154929578
0.43661971830985913 0.2112676056338028
0.43661971830985913 0.22535211267605634
0.43661971830985913 0.2535211267605634
0.43661971830985913 0.2676056338028169
0.43661971830985913 0.28169014084507044
0.43661971830985913 0.29577464788732394
0.43661971830985913 0.323943661971831
0.43661971830985913 0.3380281690140845
0.43661971830985913 0.352112676056338
0.43661971830985913 0.36619718309859156
0.43661971830985913 0.38028169014084506
0.43661971830985913 0.4084507042253521
0.43661971830985913 0.4225352112676056
0.43661971830985913 0.43661971830985913
0.43661971830985913 0.4507042253521127
0.43661971830985913 0.4647887323943662
0.4507042253521127 0.056338028169014086
0.4507042253521127 0.08450704225352113
0.4507042253521127 0.09859154929577464
0.4507042253521127 0.14084507042253522
0.4507042253521127 0.15492957746478872
0.4507042253521127 0.16901408450704225
0.4507042253521127 0.19718309859154928
0.4507042253521127 0.2112676056338028
0.4507042253521127 0.23943661971830985
0.4507042253521127 0.2676056338028169
0.4507042253521127 0.28169014084507044
0.4507042253521127 0.29577464788732394
0.4507042253521127 0.30985915492957744
0.4507042253521127 0.323943661971831
0.4507042253521127 0.36619718309859156
0.4507042253521127 0.38028169014084506
0.4507042253521127 0.4084507042253521
0.4507042253521127 0.43661971830985913
0.4507042253521127 0.4507042253521127
0.4647887323943662 0.08450704225352113
0.4647887323943662 0.09859154929577464
0.4647887323943662 0.11267605633802817
0.4647887323943662 0.1267605633802817
0.4647887323943662 0.14084507042253522
0.4647887323943662 0.15492957746478872
0.4647887323943662 0.16901408450704225
0.4647887323943662 0.18309859154929578
0.4647887323943662 0.2112676056338028
0.4647887323943662 0.22535211267605634
0.4647887323943662 0.23943661971830985
0.4647887323943662 0.2676056338028169
0.4647887323943662 0.28169014084507044
0.4647887323943662 0.29577464788732394
0.4647887323943662 0.30985915492957744
0.4647887323943662 0.323943661971831
0.4647887323943662 0.3380281690140845
0.4647887323943662 0.36619718309859156
0.4647887323943662 0.43661971830985913
0.4647887323943662 0.4507042253521127
0.4788732394366197 0.028169014084507043
0.4788732394366197 0.04225352112676056
0.4788732394366197 0.056338028169014086
0.4788732394366197 0.07042253521126761
0.4788732394366197 0.08450704225352113
0.4788732394366197 0.11267605633802817
0.4788732394366197 0.15492957746478872
0.4788732394366197 0.19718309859154928
0.4788732394366197 0.22535211267605634
0.4788732394366197 0.23943661971830985
0.4788732394366197 0.2535211267605634
0.4788732394366197 0.2676056338028169
0.4788732394366197 0.28169014084507044
0.4788732394366197 0.29577464788732394
0.4788732394366197 0.30985915492957744
0.4788732394366197 0.3380281690140845
0.4788732394366197 0.352112676056338
0.4788732394366197 0.36619718309859156
0.4788732394366197 0.4225352112676056
0.4788732394366197 0.43661971830985913
0.4788732394366197 0.4507042253521127
0.4788732394366197 0.4788732394366197
0.49295774647887325 0.056338028169014086
0.49295774647887325 0.07042253521126761
0.49295774647887325 0.08450704225352113
0.49295774647887325 0.09859154929577464
0.49295774647887325 0.11267605633802817
0.49295774647887325 0.1267605633802817
0.49295774647887325 0.14084507042253522
0.49295774647887325 0.16901408450704225
0.49295774647887325 0.18309859154929578
0.49295774647887325 0.19718309859154928
0.49295774647887325 0.2112676056338028
0.49295774647887325 0.22535211267605634
0.49295774647887325 0.23943661971830985
0.49295774647887325 0.2676056338028169
0.49295774647887325 0.28169014084507044
0.49295774647887325 0.352112676056338
0.49295774647887325 0.36619718309859156
0.49295774647887325 0.38028169014084506
0.49295774647887325 0.39436619718309857
0.49295774647887325 0.4084507042253521
0.49295774647887325 0.4225352112676056
0.49295774647887325 0.43661971830985913
0.49295774647887325 0.4788732394366197
0.5070422535211268 0.04225352112676056
0.5070422535211268 0.056338028169014086
0.5070422535211268 0.09859154929577464
0.5070422535211268 0.11267605633802817
0.5070422535211268 0.1267605633802817
0.5070422535211268 0.14084507042253522
0.5070422535211268 0.16901408450704225
0.5070422535211268 0.19718309859154928
0.5070422535211268 0.2112676056338028
0.5070422535211268 0.22535211267605634
0.5070422535211268 0.2535211267605634
0.5070422535211268 0.28169014084507044
0.5070422535211268 0.29577464788732394
0.5070422535211268 0.3380281690140845
0.5070422535211268 0.36619718309859156
0.5070422535211268 0.39436619718309857
0.5070422535211268 0.4084507042253521
0.5070422535211268 0.43661971830985913
0.5070422535211268 0.4788732394366197
0.5211267605633803 0.028169014084507043
0.5211267605633803 0.056338028169014086
0.5211267605633803 0.08450704225352113
0.5211267605633803 0.09859154929577464
0.5211267605633803 0.11267605633802817
0.5211267605633803 0.15492957746478872
0.5211267605633803 0.16901408450704225
0.5211267605633803 0.19718309859154928
0.5211267605633803 0.2112676056338028
0.5211267605633803 0.22535211267605634
0.5211267605633803 0.2535211267605634
0.5211267605633803 0.2676056338028169
0.5211267605633803 0.29577464788732394
0.5211267605633803 0.30985915492957744
0.5211267605633803 0.323943661971831
0.5211267605633803 0.3380281690140845
0.5211267605633803 0.38028169014084506
0.5211267605633803 0.39436619718309857
0.5211267605633803 0.4225352112676056
0.5211267605633803 0.43661971830985913
0.5211267605633803 0.4507042253521127
0.5352112676056338 0.028169014084507043
0.5352112676056338 0.04225352112676056
0.5352112676056338 0.056338028169014086
0.5352112676056338 0.07042253521126761
0.5352112676056338 0.08450704225352113
0.5352112676056338 0.09859154929577464
0.5352112676056338 0.11267605633802817
0.5352112676056338 0.1267605633802817
0.5352112676056338 0.14084507042253522
0.5352112676056338 0.15492957746478872
0.5352112676056338 0.16901408450704225
0.5352112676056338 0.2112676056338028
0.5352112676056338 0.22535211267605634
0.5352112676056338 0.23943661971830985
0.5352112676056338 0.28169014084507044
0.5352112676056338 0.30985915492957744
0.5352112676056338 0.323943661971831
0.5352112676056338 0.3380281690140845
0.5352112676056338 0.352112676056338
0.5352112676056338 0.36619718309859156
0.5352112676056338 0.38028169014084506
0.5352112676056338 0.39436619718309857
0.5352112676056338 0.4225352112676056
0.5352112676056338 0.4507042253521127
0.5352112676056338 0.4647887323943662
0.5492957746478874 0.04225352112676056
0.5492957746478874 0.09859154929577464
0.5492957746478874 0.1267605633802817
0.5492957746478874 0.14084507042253522
0.5492957746478874 0.15492957746478872
0.5492957746478874 0.18309859154929578
0.5492957746478874 0.19718309859154928
0.5492957746478874 0.22535211267605634
0.5492957746478874 0.2676056338028169
0.5492957746478874 0.28169014084507044
0.5492957746478874 0.30985915492957744
0.5492957746478874 0.323943661971831
0.5492957746478874 0.3380281690140845
0.5492957746478874 0.38028169014084506
0.5492957746478874 0.39436619718309857
0.5492957746478874 0.43661971830985913
0.5492957746478874 0.4647887323943662
0.5633802816901409 0.09859154929577464
0.5633802816901409 0.11267605633802817
0.5633802816901409 0.14084507042253522
0.5633802816901409 0.16901408450704225
0.5633802816901409 0.2112676056338028
0.5633802816901409 0.23943661971830985
0.5633802816901409 0.2535211267605634
0.5633802816901409 0.2676056338028169
0.5633802816901409 0.28169014084507044
0.5633802816901409 0.29577464788732394
0.5633802816901409 0.323943661971831
0.5633802816901409 0.3380281690140845
0.5633802816901409 0.4084507042253521
0.5633802816901409 0.4507042253521127
0.5633802816901409 0.4647887323943662
0.5633802816901409 0.4788732394366197
0.5774647887323944 0.04225352112676056
0.5774647887323944 0.056338028169014086
0.5774647887323944 0.08450704225352113
0.5774647887323944 0.11267605633802817
0.5774647887323944 0.14084507042253522
0.5774647887323944 0.16901408450704225
0.5774647887323944 0.18309859154929578
0.5774647887323944 0.2112676056338028
0.5774647887323944 0.2535211267605634
0.5774647887323944 0.2676056338028169
0.5774647887323944 0.29577464788732394
0.5774647887323944 0.323943661971831
0.5774647887323944 0.3380281690140845
0.5774647887323944 0.352112676056338
0.5774647887323944 0.36619718309859156
0.5774647887323944 0.39436619718309857
0.5774647887323944 0.4084507042253521
0.5774647887323944 0.4225352112676056
0.5774647887323944 0.43661971830985913
0.5774647887323944 0.4507042253521127
0.5774647887323944 0.4647887323943662
0.5774647887323944 0.4788732394366197
0.5915492957746479 0.04225352112676056
0.5915492957746479 0.056338028169014086
0.5915492957746479 0.11267605633802817
0.5915492957746479 0.14084507042253522
0.5915492957746479 0.15492957746478872
0.5915492957746479 0.18309859154929578
0.5915492957746479 0.19718309859154928
0.5915492957746479 0.2112676056338028
0.5915492957746479 0.23943661971830985
0.5915492957746479 0.2535211267605634
0.5915492957746479 0.2676056338028169
0.5915492957746479 0.28169014084507044
0.5915492957746479 0.29577464788732394
0.5915492957746479 0.323943661971831
0.5915492957746479 0.3380281690140845
0.5915492957746479 0.36619718309859156
0.5915492957746479 0.38028169014084506
0.5915492957746479 0.4084507042253521
0.5915492957746479 0.4225352112676056
0.5915492957746479 0.4507042253521127
0.5915492957746479 0.4647887323943662
0.5915492957746479 0.4788732394366197
0.6056338028169014 0.056338028169014086
0.6056338028169014 0.08450704225352113
0.6056338028169014 0.09859154929577464
0.6056338028169014 0.11267605633802817
0.6056338028169014 0.1267605633802817
0.6056338028169014 0.18309859154929578
0.6056338028169014 0.2112676056338028
0.6056338028169014 0.22535211267605634
0.6056338028169014 0.23943661971830985
0.6056338028169014 0.2535211267605634
0.6056338028169014 0.2676056338028169
0.6056338028169014 0.28169014084507044
0.6056338028169014 0.29577464788732394
0.6056338028169014 0.30985915492957744
0.6056338028169014 0.323943661971831
0.6056338028169014 0.352112676056338
0.6056338028169014 0.36619718309859156
0.6056338028169014 0.43661971830985913
0.6056338028169014 0.4788732394366197
0.6197183098591549 0.056338028169014086
0.6197183098591549 0.11267605633802817
0.6197183098591549 0.14084507042253522
0.6197183098591549 0.15492957746478872
0.6197183098591549 0.16901408450704225
0.6197183098591549 0.19718309859154928
0.6197183098591549 0.2112676056338028
0.6197183098591549 0.22535211267605634
0.6197183098591549 0.30985915492957744
0.6197183098591549 0.323943661971831
0.6197183098591549 0.3380281690140845
0.6197183098591549 0.352112676056338
0.6197183098591549 0.36619718309859156
0.6197183098591549 0.38028169014084506
0.6197183098591549 0.39436619718309857
0.6197183098591549 0.4084507042253521
0.6197183098591549 0.4225352112676056
0.6197183098591549 0.43661971830985913
0.6338028169014085 0.028169014084507043
0.6338028169014085 0.04225352112676056
0.6338028169014085 0.056338028169014086
0.6338028169014085 0.07042253521126761
0.6338028169014085 0.09859154929577464
0.6338028169014085 0.11267605633802817
0.6338028169014085 0.15492957746478872
0.6338028169014085 0.16901408450704225
0.6338028169014085 0.18309859154929578
0.6338028169014085 0.2112676056338028
0.6338028169014085 0.2535211267605634
0.6338028169014085 0.2676056338028169
0.6338028169014085 0.30985915492957744
0.6338028169014085 0.323943661971831
0.6338028169014085 0.36619718309859156
0.6338028169014085 0.38028169014084506
0.6338028169014085 0.39436619718309857
0.6338028169014085 0.4084507042253521
0.6338028169014085 0.4225352112676056
0.6338028169014085 0.43661971830985913
0.647887323943662 0.04225352112676056
0.647887323943662 0.056338028169014086
0.647887323943662 0.07042253521126761
0.647887323943662 0.1267605633802817
0.647887323943662 0.14084507042253522
0.647887323943662 0.23943661971830985
0.647887323943662 0.30985915492957744
0.647887323943662 0.3380281690140845
0.647887323943662 0.39436619718309857
0.647887323943662 0.4084507042253521
0.647887323943662 0.4225352112676056
0.647887323943662 0.4788732394366197
0.6619718309859155 0.028169014084507043
0.6619718309859155 0.07042253521126761
0.6619718309859155 0.09859154929577464
0.6619718309859155 0.15492957746478872
0.6619718309859155 0.19718309859154928
0.6619718309859155 0.2112676056338028
0.6619718309859155 0.2535211267605634
0.6619718309859155 0.2676056338028169
0.6619718309859155 0.28169014084507044
0.6619718309859155 0.29577464788732394
0.6619718309859155 0.30985915492957744
0.6619718309859155 0.36619718309859156
0.6619718309859155 0.38028169014084506
0.6619718309859155 0.39436619718309857
0.6619718309859155 0.4084507042253521
0.6619718309859155 0.4225352112676056
0.6619718309859155 0.43661971830985913
0.6619718309859155 0.4647887323943662
0.676056338028169 0.028169014084507043
0.676056338028169 0.056338028169014086
0.676056338028169 0.07042253521126761
0.676056338028169 0.08450704225352113
0.676056338028169 0.09859154929577464
0.676056338028169 0.11267605633802817
0.676056338028169 0.1267605633802817
0.676056338028169 0.14084507042253522
0.676056338028169 0.19718309859154928
0.676056338028169 0.2535211267605634
0.676056338028169 0.2676056338028169
0.676056338028169 0.28169014084507044
0.676056338028169 0.30985915492957744
0.676056338028169 0.323943661971831
0.676056338028169 0.3380281690140845
0.676056338028169 0.352112676056338
0.676056338028169 0.4084507042253521
0.676056338028169 0.4507042253521127
0.676056338028169 0.4647887323943662
0.6901408450704225 0.028169014084507043
0.6901408450704225 0.04225352112676056
0.6901408450704225 0.056338028169014086
0.6901408450704225 0.07042253521126761
0.6901408450704225 0.09859154929577464
0.6901408450704225 0.11267605633802817
0.6901408450704225 0.14084507042253522
0.6901408450704225 0.16901408450704225
0.6901408450704225 0.18309859154929578
0.6901408450704225 0.19718309859154928
0.6901408450704225 0.2535211267605634
0.6901408450704225 0.2676056338028169
0.6901408450704225 0.28169014084507044
0.6901408450704225 0.323943661971831
0.6901408450704225 0.3380281690140845
0.6901408450704225 0.352112676056338
0.6901408450704225 0.38028169014084506
0.6901408450704225 0.39436619718309857
0.6901408450704225 0.4084507042253521
0.6901408450704225 0.4225352112676056
0.6901408450704225 0.43661971830985913
0.6901408450704225 0.4647887323943662
0.6901408450704225 0.4788732394366197
0.704225352112676 0.028169014084507043
0.704225352112676 0.056338028169014086
0.704225352112676 0.07042253521126761
0.704225352112676 0.08450704225352113
0.704225352112676 0.09859154929577464
0.704225352112676 0.11267605633802817
0.704225352112676 0.1267605633802817
0.704225352112676 0.14084507042253522
0.704225352112676 0.16901408450704225
0.704225352112676 0.2112676056338028
0.704225352112676 0.22535211267605634
0.704225352112676 0.23943661971830985
0.704225352112676 0.2676056338028169
0.704225352112676 0.323943661971831
0.704225352112676 0.39436619718309857
0.704225352112676 0.4084507042253521
0.704225352112676 0.4225352112676056
0.704225352112676 0.43661971830985913
0.704225352112676 0.4507042253521127
0.704225352112676 0.4647887323943662
0.704225352112676 0.4788732394366197
0.7183098591549296 0.028169014084507043
0.7183098591549296 0.07042253521126761
0.7183098591549296 0.11267605633802817
0.7183098591549296 0.1267605633802817
0.7183098591549296 0.14084507042253522
0.7183098591549296 0.15492957746478872
0.7183098591549296 0.18309859154929578
0.7183098591549296 0.19718309859154928
0.7183098591549296 0.2112676056338028
0.7183098591549296 0.22535211267605634
0.7183098591549296 0.23943661971830985
0.7183098591549296 0.2676056338028169
0.7183098591549296 0.30985915492957744
0.7183098591549296 0.323943661971831
0.7183098591549296 0.3380281690140845
0.7183098591549296 0.36619718309859156
0.7183098591549296 0.39436619718309857
0.7183098591549296 0.4084507042253521
0.7183098591549296 0.43661971830985913
0.7183098591549296 0.4647887323943662
0.7183098591549296 0.4788732394366197
0.7323943661971831 0.028169014084507043
0.7323943661971831 0.04225352112676056
0.7323943661971831 0.056338028169014086
0.7323943661971831 0.07042253521126761
0.7323943661971831 0.09859154929577464
0.7323943661971831 0.11267605633802817
0.7323943661971831 0.1267605633802817
0.7323943661971831 0.16901408450704225
0.7323943661971831 0.19718309859154928
0.7323943661971831 0.2112676056338028
0.7323943661971831 0.23943661971830985
0.7323943661971831 0.2676056338028169
0.7323943661971831 0.30985915492957744
0.7323943661971831 0.323943661971831
0.7323943661971831 0.352112676056338
0.7323943661971831 0.38028169014084506
0.7323943661971831 0.4084507042253521
0.7323943661971831 0.4225352112676056
0.7323943661971831 0.43661971830985913
0.7323943661971831 0.4507042253521127
0.7323943661971831 0.4647887323943662
0.7323943661971831 0.4788732394366197
0.7464788732394366 0.028169014084507043
0.7464788732394366 0.04225352112676056
0.7464788732394366 0.056338028169014086
0.7464788732394366 0.11267605633802817
0.7464788732394366 0.1267605633802817
0.7464788732394366 0.14084507042253522
0.7464788732394366 0.15492957746478872
0.7464788732394366 0.18309859154929578
0.7464788732394366 0.2112676056338028
0.7464788732394366 0.2535211267605634
0.7464788732394366 0.2676056338028169
0.7464788732394366 0.28169014084507044
0.7464788732394366 0.323943661971831
0.7464788732394366 0.352112676056338
0.7464788732394366 0.39436619718309857
0.7464788732394366 0.4225352112676056
0.7464788732394366 0.43661971830985913
0.7464788732394366 0.4507042253521127
0.7464788732394366 0.4647887323943662
0.7464788732394366 0.4788732394366197
0.7605633802816901 0.08450704225352113
0.7605633802816901 0.09859154929577464
0.7605633802816901 0.16901408450704225
0.7605633802816901 0.19718309859154928
0.7605633802816901 0.23943661971830985
0.7605633802816901 0.2535211267605634
0.7605633802816901 0.2676056338028169
0.7605633802816901 0.28169014084507044
0.7605633802816901 0.29577464788732394
0.7605633802816901 0.30985915492957744
0.7605633802816901 0.3380281690140845
0.7605633802816901 0.352112676056338
0.7605633802816901 0.43661971830985913
0.7605633802816901 0.4507042253521127
0.7746478873239436 0.028169014084507043
0.7746478873239436 0.04225352112676056
0.7746478873239436 0.08450704225352113
0.7746478873239436 0.09859154929577464
0.7746478873239436 0.11267605633802817
0.7746478873239436 0.1267605633802817
0.7746478873239436 0.14084507042253522
0.7746478873239436 0.15492957746478872
0.7746478873239436 0.18309859154929578
0.7746478873239436 0.2676056338028169
0.7746478873239436 0.30985915492957744
0.7746478873239436 0.3380281690140845
0.7746478873239436 0.352112676056338
0.7746478873239436 0.36619718309859156
0.7746478873239436 0.39436619718309857
0.7746478873239436 0.4084507042253521
0.7746478873239436 0.4225352112676056
0.7746478873239436 0.43661971830985913
0.7746478873239436 0.4507042253521127
0.7887323943661971 0.028169014084507043
0.7887323943661971 0.056338028169014086
0.7887323943661971 0.07042253521126761
0.7887323943661971 0.08450704225352113
0.7887323943661971 0.1267605633802817
0.7887323943661971 0.15492957746478872
0.7887323943661971 0.18309859154929578
0.7887323943661971 0.19718309859154928
0.7887323943661971 0.2112676056338028
0.7887323943661971 0.22535211267605634
0.7887323943661971 0.2535211267605634
0.7887323943661971 0.2676056338028169
0.7887323943661971 0.28169014084507044
0.7887323943661971 0.29577464788732394
0.7887323943661971 0.30985915492957744
0.7887323943661971 0.323943661971831
0.7887323943661971 0.38028169014084506
0.7887323943661971 0.39436619718309857
0.7887323943661971 0.4084507042253521
0.7887323943661971 0.4225352112676056
0.7887323943661971 0.43661971830985913
0.7887323943661971 0.4507042253521127
0.7887323943661971 0.4788732394366197
0.8028169014084507 0.08450704225352113
0.8028169014084507 0.11267605633802817
0.8028169014084507 0.16901408450704225
0.8028169014084507 0.19718309859154928
0.8028169014084507 0.2112676056338028
0.8028169014084507 0.23943661971830985
0.8028169014084507 0.2535211267605634
0.8028169014084507 0.2676056338028169
0.8028169014084507 0.28169014084507044
0.8028169014084507 0.29577464788732394
0.8028169014084507 0.30985915492957744
0.8028169014084507 0.323943661971831
0.8028169014084507 0.3380281690140845
0.8028169014084507 0.352112676056338
0.8028169014084507 0.39436619718309857
0.8028169014084507 0.4084507042253521
0.8028169014084507 0.4788732394366197
0.8169014084507042 0.028169014084507043
0.8169014084507042 0.056338028169014086
0.8169014084507042 0.07042253521126761
0.8169014084507042 0.09859154929577464
0.8169014084507042 0.1267605633802817
0.8169014084507042 0.15492957746478872
0.8169014084507042 0.18309859154929578
0.8169014084507042 0.19718309859154928
0.8169014084507042 0.22535211267605634
0.8169014084507042 0.23943661971830985
0.8169014084507042 0.2676056338028169
0.8169014084507042 0.29577464788732394
0.8169014084507042 0.30985915492957744
0.8169014084507042 0.323943661971831
0.8169014084507042 0.3380281690140845
0.8169014084507042 0.352112676056338
0.8169014084507042 0.38028169014084506
0.8169014084507042 0.39436619718309857
0.8169014084507042 0.4084507042253521
0.8169014084507042 0.4225352112676056
0.8169014084507042 0.43661971830985913
0.8169014084507042 0.4788732394366197
0.8309859154929577 0.028169014084507043
0.8309859154929577 0.08450704225352113
0.8309859154929577 0.11267605633802817
0.8309859154929577 0.1267605633802817
0.8309859154929577 0.15492957746478872
0.8309859154929577 0.16901408450704225
0.8309859154929577 0.2112676056338028
0.8309859154929577 0.22535211267605634
0.8309859154929577 0.23943661971830985
0.8309859154929577 0.2676056338028169
0.8309859154929577 0.28169014084507044
0.8309859154929577 0.30985915492957744
0.8309859154929577 0.323943661971831
0.8309859154929577 0.352112676056338
0.8309859154929577 0.36619718309859156
0.8309859154929577 0.39436619718309857
0.8309859154929577 0.4225352112676056
0.8309859154929577 0.4647887323943662
0.8450704225352113 0.056338028169014086
0.8450704225352113 0.07042253521126761
0.8450704225352113 0.08450704225352113
0.8450704225352113 0.11267605633802817
0.8450704225352113 0.1267605633802817
0.8450704225352113 0.14084507042253522
0.8450704225352113 0.18309859154929578
0.8450704225352113 0.19718309859154928
0.8450704225352113 0.22535211267605634
0.8450704225352113 0.23943661971830985
0.8450704225352113 0.2535211267605634
0.8450704225352113 0.2676056338028169
0.8450704225352113 0.323943661971831
0.8450704225352113 0.36619718309859156
0.8450704225352113 0.43661971830985913
0.8450704225352113 0.4788732394366197
0.8591549295774648 0.028169014084507043
0.8591549295774648 0.056338028169014086
0.8591549295774648 0.07042253521126761
0.8591549295774648 0.09859154929577464
0.8591549295774648 0.11267605633802817
0.8591549295774648 0.1267605633802817
0.8591549295774648 0.14084507042253522
0.8591549295774648 0.18309859154929578
0.8591549295774648 0.19718309859154928
0.8591549295774648 0.22535211267605634
0.8591549295774648 0.23943661971830985
0.8591549295774648 0.2676056338028169
0.8591549295774648 0.29577464788732394
0.8591549295774648 0.323943661971831
0.8591549295774648 0.36619718309859156
0.8591549295774648 0.39436619718309857
0.8591549295774648 0.4084507042253521
0.8591549295774648 0.4225352112676056
0.8591549295774648 0.43661971830985913
0.8591549295774648 0.4507042253521127
0.8591549295774648 0.4788732394366197
0.8732394366197183 0.028169014084507043
0.8732394366197183 0.04225352112676056
0.8732394366197183 0.07042253521126761
0.8732394366197183 0.09859154929577464
0.8732394366197183 0.18309859154929578
0.8732394366197183 0.19718309859154928
0.8732394366197183 0.22535211267605634
0.8732394366197183 0.23943661971830985
0.8732394366197183 0.2535211267605634
0.8732394366197183 0.2676056338028169
0.8732394366197183 0.28169014084507044
0.8732394366197183 0.29577464788732394
0.8732394366197183 0.30985915492957744
0.8732394366197183 0.3380281690140845
0.8732394366197183 0.352112676056338
0.8732394366197183 0.36619718309859156
0.8732394366197183 0.39436619718309857
0.8732394366197183 0.4084507042253521
0.8732394366197183 0.4225352112676056
0.8732394366197183 0.4507042253521127
0.8873239436619719 0.04225352112676056
0.8873239436619719 0.056338028169014086
0.8873239436619719 0.08450704225352113
0.8873239436619719 0.09859154929577464
0.8873239436619719 0.11267605633802817
0.8873239436619719 0.1267605633802817
0.8873239436619719 0.14084507042253522
0.8873239436619719 0.15492957746478872
0.8873239436619719 0.2112676056338028
0.8873239436619719 0.22535211267605634
0.8873239436619719 0.2676056338028169
0.8873239436619719 0.323943661971831
0.8873239436619719 0.3380281690140845
0.8873239436619719 0.352112676056338
0.8873239436619719 0.39436619718309857
0.8873239436619719 0.4084507042253521
0.8873239436619719 0.4225352112676056
0.8873239436619719 0.4647887323943662
0.8873239436619719 0.4788732394366197
0.9014084507042254 0.028169014084507043
0.9014084507042254 0.08450704225352113
0.9014084507042254 0.09859154929577464
0.9014084507042254 0.11267605633802817
0.9014084507042254 0.1267605633802817
0.9014084507042254 0.16901408450704225
0.9014084507042254 0.19718309859154928
0.9014084507042254 0.2112676056338028
0.9014084507042254 0.22535211267605634
0.9014084507042254 0.23943661971830985
0.9014084507042254 0.2676056338028169
0.9014084507042254 0.29577464788732394
0.9014084507042254 0.323943661971831
0.9014084507042254 0.3380281690140845
0.9014084507042254 0.39436619718309857
0.9014084507042254 0.4507042253521127
0.9014084507042254 0.4788732394366197
0.9154929577464789 0.056338028169014086
0.9154929577464789 0.08450704225352113
0.9154929577464789 0.11267605633802817
0.9154929577464789 0.1267605633802817
0.9154929577464789 0.14084507042253522
0.9154929577464789 0.15492957746478872
0.9154929577464789 0.18309859154929578
0.9154929577464789 0.23943661971830985
0.9154929577464789 0.28169014084507044
0.9154929577464789 0.30985915492957744
0.9154929577464789 0.323943661971831
0.9154929577464789 0.36619718309859156
0.9154929577464789 0.38028169014084506
0.9154929577464789 0.39436619718309857
0.9154929577464789 0.43661971830985913
0.9154929577464789 0.4647887323943662
0.9154929577464789 0.4788732394366197
0.9295774647887324 0.028169014084507043
0.9295774647887324 0.07042253521126761
0.9295774647887324 0.11267605633802817
0.9295774647887324 0.1267605633802817
0.9295774647887324 0.14084507042253522
0.9295774647887324 0.15492957746478872
0.9295774647887324 0.16901408450704225
0.9295774647887324 0.18309859154929578
0.9295774647887324 0.19718309859154928
0.9295774647887324 0.2112676056338028
0.9295774647887324 0.22535211267605634
0.9295774647887324 0.23943661971830985
0.9295774647887324 0.2535211267605634
0.9295774647887324 0.2676056338028169
0.9295774647887324 0.28169014084507044
0.9295774647887324 0.30985915492957744
0.9295774647887324 0.3380281690140845
0.9295774647887324 0.352112676056338
0.9295774647887324 0.4084507042253521
0.9295774647887324 0.4225352112676056
0.9295774647887324 0.43661971830985913
0.9295774647887324 0.4788732394366197
0.9436619718309859 0.028169014084507043
0.9436619718309859 0.04225352112676056
0.9436619718309859 0.056338028169014086
0.9436619718309859 0.07042253521126761
0.9436619718309859 0.08450704225352113
0.9436619718309859 0.09859154929577464
0.9436619718309859 0.11267605633802817
0.9436619718309859 0.1267605633802817
0.9436619718309859 0.14084507042253522
0.9436619718309859 0.15492957746478872
0.9436619718309859 0.16901408450704225
0.9436619718309859 0.19718309859154928
0.9436619718309859 0.2112676056338028
0.9436619718309859 0.22535211267605634
0.9436619718309859 0.2535211267605634
0.9436619718309859 0.28169014084507044
0.9436619718309859 0.29577464788732394
0.9436619718309859 0.30985915492957744
0.9436619718309859 0.3380281690140845
0.9436619718309859 0.39436619718309857
0.9436619718309859 0.4084507042253521
0.9436619718309859 0.4225352112676056
0.9436619718309859 0.43661971830985913
0.9436619718309859 0.4507042253521127
0.9436619718309859 0.4647887323943662
0.9577464788732394 0.08450704225352113
0.9577464788732394 0.09859154929577464
0.9577464788732394 0.1267605633802817
0.9577464788732394 0.14084507042253522
0.9577464788732394 0.16901408450704225
0.9577464788732394 0.2112676056338028
0.9577464788732394 0.23943661971830985
0.9577464788732394 0.2535211267605634
0.9577464788732394 0.2676056338028169
0.9577464788732394 0.28169014084507044
0.9577464788732394 0.3380281690140845
0.9577464788732394 0.352112676056338
0.9577464788732394 0.36619718309859156
0.9577464788732394 0.38028169014084506
0.9577464788732394 0.39436619718309857
0.9577464788732394 0.4225352112676056
0.9577464788732394 0.43661971830985913
0.9577464788732394 0.4507042253521127
0.971830985915493 0.056338028169014086
0.971830985915493 0.09859154929577464
0.971830985915493 0.15492957746478872
0.971830985915493 0.16901408450704225
0.971830985915493 0.22535211267605634
0.971830985915493 0.23943661971830985
0.971830985915493 0.2676056338028169
0.971830985915493 0.28169014084507044
0.971830985915493 0.29577464788732394
0.971830985915493 0.30985915492957744
0.971830985915493 0.323943661971831
0.971830985915493 0.36619718309859156
0.971830985915493 0.39436619718309857
0.971830985915493 0.4084507042253521
0.971830985915493 0.43661971830985913
0.971830985915493 0.4507042253521127
0.971830985915493 0.4647887323943662
0.9859154929577465 0.056338028169014086
0.9859154929577465 0.07042253521126761
0.9859154929577465 0.08450704225352113
0.9859154929577465 0.11267605633802817
0.9859154929577465 0.1267605633802817
0.9859154929577465 0.14084507042253522
0.9859154929577465 0.16901408450704225
0.9859154929577465 0.18309859154929578
0.9859154929577465 0.19718309859154928
0.9859154929577465 0.23943661971830985
0.9859154929577465 0.29577464788732394
0.9859154929577465 0.323943661971831
0.9859154929577465 0.3380281690140845
0.9859154929577465 0.352112676056338
0.9859154929577465 0.4084507042253521
0.9859154929577465 0.4225352112676056
0.9859154929577465 0.43661971830985913
0.9859154929577465 0.4507042253521127
0.9859154929577465 0.4788732394366197
1.0 0.04225352112676056
1.0 0.056338028169014086
1.0 0.09859154929577464
1.0 0.11267605633802817
1.0 0.15492957746478872
1.0 0.22535211267605634
1.0 0.28169014084507044
1.0 0.29577464788732394
1.0 0.30985915492957744
1.0 0.323943661971831
1.0 0.3380281690140845
1.0 0.352112676056338
1.0 0.38028169014084506
1.0 0.39436619718309857
1.0 0.4084507042253521
1.0 0.43661971830985913
1.0 0.4647887323943662
